# Created by Octave 3.6.2, Sat Jan 24 17:11:21 2015 CET <miguel@ArmorDebian>
# name: dataSave
# type: struct
# ndims: 2
 1 101
# length: 4
# name: palabras
# type: cell
# rows: 1
# columns: 101
# name: <cell-element>
# type: scalar
10570



# name: <cell-element>
# type: scalar
8870



# name: <cell-element>
# type: scalar
6660



# name: <cell-element>
# type: scalar
5288



# name: <cell-element>
# type: scalar
4364



# name: <cell-element>
# type: scalar
3733



# name: <cell-element>
# type: scalar
3250



# name: <cell-element>
# type: scalar
2930



# name: <cell-element>
# type: scalar
2677



# name: <cell-element>
# type: scalar
2439



# name: <cell-element>
# type: scalar
2264



# name: <cell-element>
# type: scalar
2089



# name: <cell-element>
# type: scalar
1945



# name: <cell-element>
# type: scalar
1819



# name: <cell-element>
# type: scalar
1698



# name: <cell-element>
# type: scalar
1595



# name: <cell-element>
# type: scalar
1496



# name: <cell-element>
# type: scalar
1414



# name: <cell-element>
# type: scalar
1333



# name: <cell-element>
# type: scalar
1272



# name: <cell-element>
# type: scalar
1215



# name: <cell-element>
# type: scalar
1166



# name: <cell-element>
# type: scalar
1117



# name: <cell-element>
# type: scalar
1068



# name: <cell-element>
# type: scalar
1024



# name: <cell-element>
# type: scalar
986



# name: <cell-element>
# type: scalar
951



# name: <cell-element>
# type: scalar
908



# name: <cell-element>
# type: scalar
876



# name: <cell-element>
# type: scalar
847



# name: <cell-element>
# type: scalar
818



# name: <cell-element>
# type: scalar
791



# name: <cell-element>
# type: scalar
766



# name: <cell-element>
# type: scalar
749



# name: <cell-element>
# type: scalar
732



# name: <cell-element>
# type: scalar
705



# name: <cell-element>
# type: scalar
688



# name: <cell-element>
# type: scalar
665



# name: <cell-element>
# type: scalar
639



# name: <cell-element>
# type: scalar
619



# name: <cell-element>
# type: scalar
602



# name: <cell-element>
# type: scalar
579



# name: <cell-element>
# type: scalar
568



# name: <cell-element>
# type: scalar
555



# name: <cell-element>
# type: scalar
537



# name: <cell-element>
# type: scalar
525



# name: <cell-element>
# type: scalar
507



# name: <cell-element>
# type: scalar
491



# name: <cell-element>
# type: scalar
479



# name: <cell-element>
# type: scalar
469



# name: <cell-element>
# type: scalar
459



# name: <cell-element>
# type: scalar
450



# name: <cell-element>
# type: scalar
443



# name: <cell-element>
# type: scalar
436



# name: <cell-element>
# type: scalar
429



# name: <cell-element>
# type: scalar
418



# name: <cell-element>
# type: scalar
411



# name: <cell-element>
# type: scalar
403



# name: <cell-element>
# type: scalar
395



# name: <cell-element>
# type: scalar
391



# name: <cell-element>
# type: scalar
387



# name: <cell-element>
# type: scalar
379



# name: <cell-element>
# type: scalar
373



# name: <cell-element>
# type: scalar
370



# name: <cell-element>
# type: scalar
364



# name: <cell-element>
# type: scalar
355



# name: <cell-element>
# type: scalar
350



# name: <cell-element>
# type: scalar
348



# name: <cell-element>
# type: scalar
341



# name: <cell-element>
# type: scalar
335



# name: <cell-element>
# type: scalar
330



# name: <cell-element>
# type: scalar
324



# name: <cell-element>
# type: scalar
317



# name: <cell-element>
# type: scalar
310



# name: <cell-element>
# type: scalar
309



# name: <cell-element>
# type: scalar
304



# name: <cell-element>
# type: scalar
302



# name: <cell-element>
# type: scalar
298



# name: <cell-element>
# type: scalar
295



# name: <cell-element>
# type: scalar
288



# name: <cell-element>
# type: scalar
286



# name: <cell-element>
# type: scalar
283



# name: <cell-element>
# type: scalar
279



# name: <cell-element>
# type: scalar
274



# name: <cell-element>
# type: scalar
272



# name: <cell-element>
# type: scalar
270



# name: <cell-element>
# type: scalar
264



# name: <cell-element>
# type: scalar
263



# name: <cell-element>
# type: scalar
261



# name: <cell-element>
# type: scalar
255



# name: <cell-element>
# type: scalar
253



# name: <cell-element>
# type: scalar
250



# name: <cell-element>
# type: scalar
248



# name: <cell-element>
# type: scalar
244



# name: <cell-element>
# type: scalar
237



# name: <cell-element>
# type: scalar
235



# name: <cell-element>
# type: scalar
231



# name: <cell-element>
# type: scalar
230



# name: <cell-element>
# type: scalar
227



# name: <cell-element>
# type: scalar
224



# name: <cell-element>
# type: scalar
220





# name: min
# type: cell
# rows: 1
# columns: 101
# name: <cell-element>
# type: scalar
0



# name: <cell-element>
# type: scalar
10



# name: <cell-element>
# type: scalar
20



# name: <cell-element>
# type: scalar
30



# name: <cell-element>
# type: scalar
40



# name: <cell-element>
# type: scalar
50



# name: <cell-element>
# type: scalar
60



# name: <cell-element>
# type: scalar
70



# name: <cell-element>
# type: scalar
80



# name: <cell-element>
# type: scalar
90



# name: <cell-element>
# type: scalar
100



# name: <cell-element>
# type: scalar
110



# name: <cell-element>
# type: scalar
120



# name: <cell-element>
# type: scalar
130



# name: <cell-element>
# type: scalar
140



# name: <cell-element>
# type: scalar
150



# name: <cell-element>
# type: scalar
160



# name: <cell-element>
# type: scalar
170



# name: <cell-element>
# type: scalar
180



# name: <cell-element>
# type: scalar
190



# name: <cell-element>
# type: scalar
200



# name: <cell-element>
# type: scalar
210



# name: <cell-element>
# type: scalar
220



# name: <cell-element>
# type: scalar
230



# name: <cell-element>
# type: scalar
240



# name: <cell-element>
# type: scalar
250



# name: <cell-element>
# type: scalar
260



# name: <cell-element>
# type: scalar
270



# name: <cell-element>
# type: scalar
280



# name: <cell-element>
# type: scalar
290



# name: <cell-element>
# type: scalar
300



# name: <cell-element>
# type: scalar
310



# name: <cell-element>
# type: scalar
320



# name: <cell-element>
# type: scalar
330



# name: <cell-element>
# type: scalar
340



# name: <cell-element>
# type: scalar
350



# name: <cell-element>
# type: scalar
360



# name: <cell-element>
# type: scalar
370



# name: <cell-element>
# type: scalar
380



# name: <cell-element>
# type: scalar
390



# name: <cell-element>
# type: scalar
400



# name: <cell-element>
# type: scalar
410



# name: <cell-element>
# type: scalar
420



# name: <cell-element>
# type: scalar
430



# name: <cell-element>
# type: scalar
440



# name: <cell-element>
# type: scalar
450



# name: <cell-element>
# type: scalar
460



# name: <cell-element>
# type: scalar
470



# name: <cell-element>
# type: scalar
480



# name: <cell-element>
# type: scalar
490



# name: <cell-element>
# type: scalar
500



# name: <cell-element>
# type: scalar
510



# name: <cell-element>
# type: scalar
520



# name: <cell-element>
# type: scalar
530



# name: <cell-element>
# type: scalar
540



# name: <cell-element>
# type: scalar
550



# name: <cell-element>
# type: scalar
560



# name: <cell-element>
# type: scalar
570



# name: <cell-element>
# type: scalar
580



# name: <cell-element>
# type: scalar
590



# name: <cell-element>
# type: scalar
600



# name: <cell-element>
# type: scalar
610



# name: <cell-element>
# type: scalar
620



# name: <cell-element>
# type: scalar
630



# name: <cell-element>
# type: scalar
640



# name: <cell-element>
# type: scalar
650



# name: <cell-element>
# type: scalar
660



# name: <cell-element>
# type: scalar
670



# name: <cell-element>
# type: scalar
680



# name: <cell-element>
# type: scalar
690



